36,4
36,1
36,3
35,1
35,3
50,35
3,2
3,1
3,3
10,259
10,179
10,105
10,145
10,11
10,157
10,189
10,135
11,11
11,17
9,2
9,3
8,9
8,17
8,15
8,13
8,16
8,4
8,2
8,3
2,2
2,1
2,3
45,4
45,3
45,2
45,1
45,0
44,4
44,3
44,2
44,1
44,0
43,4
43,3
43,2
43,1
43,0
41,4
41,3
41,2
41,1
41,0
39,3
39,2
39,1
39,0
20,3
20,2
20,1
19,3
19,2
19,1
18,3
18,1
14,3
14,1
13,3
13,1
12,3
12,2
12,1
11,25
11,24
11,23
11,22
11,21
11,20
11,19
11,18
11,16
11,15
11,14
11,10
11,9
11,8
11,6
11,5
11,4
11,3
11,2
11,1
10,297
10,292
10,286
10,266
